0 0 0.00
1 1 0.00
2 3 0.48
3 3 0.48
4 5 0.70
5 7 0.85
6 8 0.90
7 8 0.90
8 8 0.90
9 8 0.90
10 10 1.00
11 10 1.00
12 10 1.00
13 9 0.95
14 9 0.95
15 9 0.95
16 9 0.95
17 16 1.20
18 16 1.20
19 18 1.26
20 18 1.26
21 19 1.28
22 19 1.28
23 26 1.41
24 27 1.43
25 29 1.46
26 32 1.51
27 31 1.49
28 31 1.49
29 31 1.49
30 31 1.49
31 33 1.52
32 37 1.57
33 56 1.75
34 61 1.79
35 67 1.83
36 67 1.83
37 67 1.83
38 67 1.83
39 66 1.82
40 69 1.84
41 61 1.79
42 61 1.79
43 61 1.79
44 62 1.79
45 60 1.78
46 57 1.76
47 55 1.74
48 53 1.72
49 57 1.76
50 69 1.84
51 70 1.85
52 72 1.86
53 73 1.86
54 77 1.89
55 86 1.93
56 93 1.97
57 99 2.00
58 98 1.99
59 108 2.03
60 114 2.06
61 116 2.06
62 117 2.07
63 143 2.16
64 137 2.14
65 141 2.15
66 155 2.19
67 149 2.17
68 148 2.17
69 152 2.18
70 161 2.21
71 155 2.19
72 207 2.32
73 205 2.31
74 236 2.37
75 233 2.37
76 281 2.45
77 295 2.47
78 300 2.48
79 315 2.50
80 332 2.52
81 343 2.54
82 362 2.56
83 400 2.60
84 429 2.63
85 449 2.65
86 474 2.68
87 478 2.68
88 483 2.68
89 487 2.69
90 507 2.71
91 547 2.74
92 551 2.74
93 546 2.74
94 537 2.73
95 562 2.75
96 588 2.77
97 609 2.78
98 626 2.80
99 648 2.81
100 651 2.81
101 649 2.81
102 663 2.82
103 684 2.84
104 706 2.85
105 709 2.85
106 727 2.86
107 752 2.88
108 726 2.86
109 743 2.87
110 758 2.88
111 777 2.89
112 784 2.89
113 841 2.92
114 886 2.95
115 946 2.98
116 994 3.00
117 996 3.00
118 1017 3.01
119 1009 3.00
120 991 3.00
121 1019 3.01
122 1023 3.01
123 1043 3.02
124 1047 3.02
125 1062 3.03
126 1065 3.03
127 1094 3.04
128 1107 3.04
129 1121 3.05
130 1159 3.06
131 1212 3.08
132 1250 3.10
133 1279 3.11
134 1283 3.11
135 1249 3.10
136 1286 3.11
137 1310 3.12
138 1371 3.14
139 1393 3.14
140 1413 3.15
141 1535 3.19
142 1554 3.19
143 1589 3.20
144 1604 3.21
145 1614 3.21
146 1636 3.21
147 1673 3.22
148 1699 3.23
149 1725 3.24
150 1735 3.24
151 1715 3.23
152 1769 3.25
153 1810 3.26
154 1872 3.27
155 1758 3.25
156 1678 3.22
157 1642 3.22
158 1662 3.22
159 1621 3.21
160 1660 3.22
161 1698 3.23
162 1723 3.24
163 1733 3.24
164 1764 3.25
165 1811 3.26
166 1728 3.24
167 1736 3.24
168 1802 3.26
169 1833 3.26
170 1904 3.28
171 1973 3.30
172 1944 3.29
173 1988 3.30
174 2100 3.32
175 2274 3.36
176 2423 3.38
177 2495 3.40
178 2688 3.43
179 2729 3.44
180 2722 3.43
181 2876 3.46
182 3106 3.49
183 3130 3.50
184 3005 3.48
185 2863 3.46
186 2790 3.45
187 2887 3.46
188 2934 3.47
189 3118 3.49
190 3393 3.53
191 3292 3.52
192 3435 3.54
193 3253 3.51
194 3320 3.52
195 3249 3.51
196 3278 3.52
197 3126 3.49
198 2973 3.47
199 2614 3.42
200 2660 3.42
201 2502 3.40
202 2571 3.41
203 2592 3.41
204 2466 3.39
205 2305 3.36
206 2284 3.36
207 2250 3.35
208 2277 3.36
209 2361 3.37
210 2278 3.36
211 2169 3.34
212 2105 3.32
213 2087 3.32
214 2252 3.35
215 2432 3.39
216 2566 3.41
217 2647 3.42
218 2819 3.45
219 2902 3.46
220 2539 3.40
221 2433 3.39
222 2249 3.35
223 2340 3.37
224 2456 3.39
225 2597 3.41
226 2412 3.38
227 2205 3.34
228 2117 3.33
229 2111 3.32
230 1897 3.28
231 2064 3.31
232 2065 3.31
233 2045 3.31
234 1928 3.29
235 1856 3.27
236 1879 3.27
237 1725 3.24
238 1792 3.25
239 1799 3.26
240 1802 3.26
241 1756 3.24
242 1754 3.24
243 1703 3.23
244 1707 3.23
245 1762 3.25
246 1754 3.24
247 1696 3.23
248 1715 3.23
249 1819 3.26
250 1747 3.24
251 1780 3.25
252 1806 3.26
253 1841 3.27
254 1861 3.27
255 1720 3.24
256 1756 3.24
257 1745 3.24
258 1657 3.22
259 1695 3.23
260 1761 3.25
261 1800 3.26
262 1618 3.21
263 1667 3.22
264 1748 3.24
265 1877 3.27
266 1994 3.30
267 1853 3.27
268 1781 3.25
269 1757 3.24
270 1854 3.27
271 1827 3.26
272 1879 3.27
273 1966 3.29
274 1813 3.26
275 1761 3.25
276 1821 3.26
277 1860 3.27
278 1937 3.29
279 1894 3.28
280 1985 3.30
281 1970 3.29
282 1770 3.25
283 1731 3.24
284 1813 3.26
285 1947 3.29
286 2116 3.33
287 2375 3.38
288 2464 3.39
289 2302 3.36
290 2354 3.37
291 2330 3.37
292 2822 3.45
293 3653 3.56
294 4212 3.62
295 4514 3.65
296 4625 3.67
297 5239 3.72
298 5706 3.76
299 6417 3.81
300 7113 3.85
301 7703 3.89
302 8317 3.92
303 8885 3.95
304 9641 3.98
305 10432 4.02
306 10700 4.03
307 11329 4.05
308 11555 4.06
309 11451 4.06
310 12383 4.09
311 12096 4.08
312 12736 4.11
313 13243 4.12
314 13397 4.13
315 14332 4.16
316 14481 4.16
317 14847 4.17
318 15533 4.19
319 16388 4.21
320 16536 4.22
321 16871 4.23
322 16978 4.23
323 17009 4.23
324 17491 4.24
325 17855 4.25
326 17165 4.23
327 17058 4.23
328 17420 4.24
329 18031 4.26
330 18197 4.26
331 18987 4.28
332 19211 4.28
333 19152 4.28
334 19232 4.28
335 19460 4.29
336 19781 4.30
337 19337 4.29
338 18419 4.27
339 18442 4.27
340 18308 4.26
341 17792 4.25
342 17381 4.24
343 17613 4.25
344 17541 4.24
345 16452 4.22
346 15725 4.20
347 16214 4.21
348 14965 4.18
349 15151 4.18
350 15316 4.19
351 15321 4.19
352 14363 4.16
353 13926 4.14
354 14228 4.15
355 14257 4.15
356 13670 4.14
357 13321 4.12
358 13289 4.12
359 13263 4.12
360 12998 4.11
361 12262 4.09
362 12578 4.10
363 12704 4.10
364 12693 4.10
365 12587 4.10
366 12468 4.10
367 12004 4.08
368 11824 4.07
369 10957 4.04
370 10992 4.04
371 11068 4.04
372 11062 4.04
373 10953 4.04
374 10305 4.01
375 10029 4.00
376 10214 4.01
377 10168 4.01
378 10123 4.01
379 10121 4.01
380 9491 3.98
381 9493 3.98
382 9459 3.98
383 9391 3.97
384 9416 3.97
385 8973 3.95
386 8510 3.93
387 8085 3.91
388 8071 3.91
389 7006 3.85
390 6992 3.84
391 7039 3.85
392 7022 3.85
393 6023 3.78
394 6094 3.78
395 6200 3.79
396 6234 3.79
397 6293 3.80
398 6294 3.80
399 6267 3.80
400 5889 3.77
401 4370 3.64
402 4319 3.64
403 3424 3.53
404 3100 3.49
405 2178 3.34
406 2148 3.33
407 1770 3.25
408 1781 3.25
409 1801 3.26
410 1856 3.27
411 1875 3.27
412 1859 3.27
413 1867 3.27
414 1875 3.27
415 1818 3.26
416 1675 3.22
417 1436 3.16
418 1309 3.12
419 1135 3.05
420 1152 3.06
421 1165 3.07
422 1169 3.07
423 1165 3.07
424 1115 3.05
425 1112 3.05
426 905 2.96
427 921 2.96
428 935 2.97
429 946 2.98
430 883 2.95
431 870 2.94
432 889 2.95
433 648 2.81
434 696 2.84
435 693 2.84
436 726 2.86
437 791 2.90
438 746 2.87
439 789 2.90
440 848 2.93
441 874 2.94
442 879 2.94
443 898 2.95
444 949 2.98
445 958 2.98
446 896 2.95
447 1002 3.00
448 1075 3.03
449 1097 3.04
450 1131 3.05
451 1180 3.07
452 1316 3.12
453 1508 3.18
454 1738 3.24
455 1870 3.27
456 1748 3.24
457 1894 3.28
458 2314 3.36
459 2697 3.43
460 3010 3.48
461 3498 3.54
462 3449 3.54
463 3663 3.56
464 4030 3.61
465 4581 3.66
466 5090 3.71
467 5837 3.77
468 6948 3.84
469 7873 3.90
470 8069 3.91
471 9279 3.97
472 10374 4.02
473 11794 4.07
474 12668 4.10
475 14334 4.16
476 14529 4.16
477 15939 4.20
478 16922 4.23
479 18390 4.26
480 19144 4.28
481 20314 4.31
482 21171 4.33
483 21965 4.34
484 23195 4.37
485 22901 4.36
486 22852 4.36
487 24259 4.38
488 27761 4.44
489 32492 4.51
490 33844 4.53
491 33027 4.52
492 33611 4.53
493 35700 4.55
494 36620 4.56
495 38066 4.58
496 39818 4.60
497 38838 4.59
498 35272 4.55
499 36049 4.56
500 32591 4.51
501 33769 4.53
502 34689 4.54
503 35414 4.55
504 35486 4.55
505 31710 4.50
506 31790 4.50
507 27436 4.44
508 26568 4.42
509 26382 4.42
510 26842 4.43
511 26187 4.42
512 25352 4.40
513 24478 4.39
514 24386 4.39
515 24467 4.39
516 24484 4.39
517 23661 4.37
518 22547 4.35
519 22610 4.35
520 21594 4.33
521 21595 4.33
522 19982 4.30
523 20327 4.31
524 20565 4.31
525 20083 4.30
526 19407 4.29
527 18482 4.27
528 18092 4.26
529 17368 4.24
530 17525 4.24
531 16883 4.23
532 16315 4.21
533 15886 4.20
534 15468 4.19
535 14948 4.17
536 13799 4.14
537 13652 4.14
538 13650 4.14
539 13527 4.13
540 13544 4.13
541 12808 4.11
542 12608 4.10
543 10631 4.03
544 10594 4.03
545 10300 4.01
546 10113 4.00
547 10109 4.00
548 10017 4.00
549 9888 4.00
550 9912 4.00
551 9763 3.99
552 9697 3.99
553 9681 3.99
554 9646 3.98
555 9421 3.97
556 9385 3.97
557 9441 3.98
558 9164 3.96
559 9079 3.96
560 9093 3.96
561 8909 3.95
562 8906 3.95
563 8912 3.95
564 8737 3.94
565 8771 3.94
566 8795 3.94
567 8791 3.94
568 8716 3.94
569 8660 3.94
570 8662 3.94
571 8675 3.94
572 8660 3.94
573 8677 3.94
574 8593 3.93
575 8315 3.92
576 8230 3.92
577 8240 3.92
578 8240 3.92
579 8230 3.92
580 8252 3.92
581 8242 3.92
582 8237 3.92
583 7940 3.90
584 7935 3.90
585 7754 3.89
586 7737 3.89
587 7754 3.89
588 7758 3.89
589 7765 3.89
590 7741 3.89
591 7745 3.89
592 7742 3.89
593 7726 3.89
594 7740 3.89
595 7740 3.89
596 7721 3.89
597 7704 3.89
598 7712 3.89
599 7732 3.89
600 7735 3.89
601 7738 3.89
602 7728 3.89
603 7698 3.89
604 7723 3.89
605 7728 3.89
606 7734 3.89
607 7727 3.89
608 7738 3.89
609 7718 3.89
610 7699 3.89
611 7701 3.89
612 7707 3.89
613 7710 3.89
614 7709 3.89
615 7709 3.89
616 7713 3.89
617 7703 3.89
618 7700 3.89
619 7722 3.89
620 7780 3.89
621 7854 3.90
622 7959 3.90
623 8015 3.90
624 8091 3.91
625 8211 3.91
626 8409 3.92
627 8630 3.94
628 8687 3.94
629 9118 3.96
630 9379 3.97
631 9485 3.98
632 10193 4.01
633 11141 4.05
634 12182 4.09
635 13531 4.13
636 14591 4.16
637 15126 4.18
638 15630 4.19
639 17660 4.25
640 19288 4.29
641 21666 4.34
642 24383 4.39
643 25279 4.40
644 25279 4.40
645 24677 4.39
646 27696 4.44
647 30603 4.49
648 33270 4.52
649 37554 4.57
650 40184 4.60
651 40300 4.61
652 39710 4.60
653 41787 4.62
654 43787 4.64
655 42955 4.63
656 45787 4.66
657 48702 4.69
658 46274 4.67
659 45053 4.65
660 44272 4.65
661 44191 4.65
662 43892 4.64
663 43074 4.63
664 42734 4.63
665 43014 4.63
666 35239 4.55
667 32010 4.51
668 28897 4.46
669 25146 4.40
670 24233 4.38
671 23430 4.37
672 21439 4.33
673 18380 4.26
674 17498 4.24
675 15993 4.20
676 15639 4.19
677 15211 4.18
678 15167 4.18
679 11731 4.07
680 11446 4.06
681 9518 3.98
682 9577 3.98
683 9636 3.98
684 9266 3.97
685 8472 3.93
686 8279 3.92
687 8032 3.90
688 8005 3.90
689 7868 3.90
690 7655 3.88
691 7439 3.87
692 7436 3.87
693 7471 3.87
694 7332 3.87
695 7255 3.86
696 7143 3.85
697 7032 3.85
698 6987 3.84
699 7017 3.85
700 7027 3.85
701 6859 3.84
702 6819 3.83
703 6748 3.83
704 6745 3.83
705 6741 3.83
706 6759 3.83
707 6760 3.83
708 6660 3.82
709 6468 3.81
710 6259 3.80
711 6273 3.80
712 6264 3.80
713 6277 3.80
714 6282 3.80
715 6282 3.80
716 4693 3.67
717 4333 3.64
718 4257 3.63
719 4247 3.63
720 4255 3.63
721 4261 3.63
722 4244 3.63
723 4236 3.63
724 4242 3.63
725 4247 3.63
726 4229 3.63
727 4223 3.63
728 4221 3.63
729 4215 3.62
730 4212 3.62
731 4210 3.62
732 4213 3.62
733 4213 3.62
734 4213 3.62
735 4213 3.62
736 4206 3.62
737 4204 3.62
738 4208 3.62
739 4215 3.62
740 4220 3.63
741 4223 3.63
742 4225 3.63
743 4208 3.62
744 4204 3.62
745 4208 3.62
746 4211 3.62
747 4195 3.62
748 4198 3.62
749 4211 3.62
750 4214 3.62
751 4208 3.62
752 4211 3.62
753 4219 3.63
754 4210 3.62
755 4217 3.63
756 4217 3.63
757 4210 3.62
758 4207 3.62
759 4214 3.62
760 4220 3.63
761 4205 3.62
762 4211 3.62
763 4218 3.63
764 4217 3.63
765 4218 3.63
766 4222 3.63
767 4223 3.63
768 4227 3.63
769 4228 3.63
770 4210 3.62
771 4206 3.62
772 4201 3.62
773 4202 3.62
774 4205 3.62
775 4203 3.62
776 4213 3.62
777 4219 3.63
778 4218 3.63
779 4217 3.63
780 4222 3.63
781 4239 3.63
782 4252 3.63
783 4260 3.63
784 4265 3.63
785 4243 3.63
786 4252 3.63
787 4268 3.63
788 4229 3.63
789 4235 3.63
790 4241 3.63
791 4253 3.63
792 4238 3.63
793 4236 3.63
794 4284 3.63
795 4262 3.63
796 4310 3.63
797 4324 3.64
798 4329 3.64
799 4288 3.63
800 4312 3.63
801 4323 3.64
802 4354 3.64
803 4359 3.64
804 4423 3.65
805 4440 3.65
806 4406 3.64
807 4479 3.65
808 4486 3.65
809 4558 3.66
810 4618 3.66
811 4721 3.67
812 4756 3.68
813 4649 3.67
814 4788 3.68
815 4843 3.69
816 4665 3.67
817 4703 3.67
818 4726 3.67
819 4770 3.67
820 4742 3.67
821 4747 3.68
822 4767 3.68
823 4695 3.67
824 4689 3.67
825 4778 3.68
826 4660 3.67
827 4551 3.66
828 4579 3.66
829 4532 3.66
830 4551 3.66
831 4556 3.66
832 4635 3.67
833 4688 3.67
834 4546 3.66
835 4637 3.67
836 4629 3.67
837 4643 3.67 
838 4699 3.67
839 4675 3.67
840 4713 3.67
841 4644 3.67
842 4561 3.66
843 4616 3.66
844 4540 3.66
845 4577 3.66
846 4598 3.66
847 4588 3.66
848 4563 3.66
849 4558 3.66
850 4527 3.66
851 4583 3.66
852 4554 3.66
853 4575 3.66
854 4554 3.66
855 4500 3.65
856 4504 3.65
857 4447 3.65
858 4428 3.65
859 4457 3.65
860 4491 3.65
861 4507 3.65
862 4474 3.65
863 4418 3.65
864 4399 3.64
865 4404 3.64
866 4392 3.64
867 4428 3.65
868 4422 3.65
869 4410 3.64
870 4387 3.64
871 4413 3.64
872 4380 3.64
873 4395 3.64
874 4414 3.64
875 4416 3.65
876 4401 3.64
877 4328 3.64
878 4348 3.64
879 4356 3.64
880 4381 3.64
881 4482 3.64
882 4363 3.64
883 4365 3.64
884 4331 3.64
885 4325 3.64
886 4338 3.64
887 4351 3.64
888 4324 3.64
889 4327 3.64
890 4278 3.63
891 4285 3.63
892 4276 3.63
893 4286 3.63
894 4262 3.63
895 4274 3.63
896 4277 3.63
897 4236 3.63
898 4235 3.63
899 4242 3.63
900 4224 3.63
901 4223 3.63
902 4237 3.63
903 4235 3.63
904 4227 3.63
905 4225 3.63
906 4222 3.63
907 4226 3.63
908 4244 3.63
909 4253 3.63